# adding two numbers
x <- 5*7
10:130
